997,1
997,3
996,4
996,2
996,1
996,3
995,4
995,2
995,1
995,3
994,4
994,2
994,1
994,3
993,2
993,1
993,3
992,4
992,2
992,1
992,3
991,2
991,1
991,3
0,505
0,495
0,478
0,474
0,468
0,375
0,374
0,362
0,360
0,353
0,346
0,344
0,343
0,331
0,324
0,315
0,243
980,1
980,3
982,1
982,3
989,6
985,1
985,3
989,1
989,3
0,312
0,9
0,310
0,305
1014,0
1013,0
1012,0
1011,0
1010,0
1009,0
1008,0
1007,0
1006,0
1005,0
1004,0
1003,0
1002,0
1001,0
1000,0
999,0
998,0
997,0
996,0
995,0
994,0
993,0
992,0
991,0
990,0
989,0
988,0
987,0
986,0
985,0
984,0
983,0
982,0
981,0
980,0
979,0
978,0
977,0
976,0
975,0
974,0
973,0
972,0
971,0
970,0
969,0
968,0
967,0
966,0
965,0
964,0
963,0
962,0
961,0
960,0
959,0
958,0
957,0
956,0
955,0
0,308
0,304
0,303
0,302
0,307
0,12
0,487
0,10
0,8
0,0
0,378
0,300
0,363
0,299
0,377
0,298
0,376
0,297
0,296
0,480
0,295
0,320
0,294
0,488
0,293
0,466
0,292
0,464
0,291
0,460
0,290
0,482
0,289
0,458
0,288
0,509
0,287
0,356
0,286
0,339
0,285
0,284
0,370
0,283
0,463
0,282
0,369
0,281
0,368
0,280
0,479
0,279
0,477
0,278
0,476
0,277
0,470
0,276
0,467
997,2
998,3
998,2
999,3
999,2
979,3
979,2
1000,2
1000,12
1000,17
1000,10
1000,16
1000,15
1000,4
1000,7
955,3
955,2
1001,3
1001,2
1001,5
1001,6
1001,8
956,3
956,2
967,3
967,1
957,3
957,1
1002,3
1002,1
958,3
958,2
968,3
968,1
968,2
959,3
959,2
969,3
969,1
969,2
960,1
970,3
970,2
980,2
980,4
981,1
981,2
1003,1
982,2
960,4
982,4
1004,3
1004,2
1005,3
1005,1
971,3
971,1
961,3
971,4
961,2
1006,1
1006,2
1006,4
983,1
983,4
962,1
962,2
1007,1
1007,2
972,1
1007,4
972,4
984,1
984,2
984,4
973,1
1008,3
1008,2
963,3
1008,4
963,2
974,3
974,1
1009,3
1009,2
964,3
975,3
964,8
964,1
964,10
986,1
986,2
964,12
1010,1
964,4
1010,2
964,7
976,3
964,21
976,2
965,1
965,2
1011,3
1011,2
976,1
1012,3
965,5
1012,11
965,7
1012,1
1012,13
966,3
1012,8
1012,9
976,8
1012,17
976,14
976,6
976,12
1012,4
1012,19
976,4
976,19
976,7
977,3
977,2
977,4
977,6
977,7
1013,3
1013,2
1013,4
978,3
978,1
1013,7
978,2
1014,3
1014,2
987,3
987,2
988,3
988,12
988,8
988,13
988,6
988,4
988,21
989,4
989,5
989,8
990,3
990,2
1000,5
1000,8
1000,13
1000,18
1012,6
1012,10
1012,18
964,9
964,11
964,14
964,15
976,9
964,18
976,11
976,15
976,16
988,5
988,9
988,14
988,16
988,17
988,18
988,15
988,10
976,17
976,13
976,10
964,17
964,13
964,5
1012,15
1012,5
1000,9
1000,6
990,1
989,7
989,2
988,7
988,11
988,1
988,2
987,1
1014,1
1013,8
1013,6
1013,5
1013,1
977,8
977,5
977,1
1012,7
976,21
976,5
1012,12
1012,16
1012,14
966,2
966,1
965,8
965,6
1012,2
965,4
1011,1
976,18
965,3
964,19
975,2
964,6
1010,3
964,16
986,3
975,1
964,2
1009,1
974,2
985,2
963,1
1008,1
973,2
973,3
984,3
972,2
972,3
1007,3
962,3
983,2
983,3
1006,3
961,1
971,2
1005,2
1004,4
1004,1
970,4
1003,2
1003,3
981,3
960,2
970,1
960,3
959,4
959,1
968,4
958,4
958,1
1002,2
957,2
967,2
956,4
956,1
1001,7
1001,4
1001,1
955,1
1000,19
1000,14
1000,11
1000,1
1000,3
979,1
999,1
998,1
0,275
0,461
0,274
0,337
0,273
0,459
0,272
0,336
0,271
0,367
0,270
0,449
0,269
0,366
0,268
0,472
0,267
0,335
0,266
0,462
0,265
0,502
0,264
0,469
0,263
0,380
0,262
0,332
0,261
0,319
0,260
0,327
0,259
0,457
0,258
0,325
0,257
0,318
0,256
0,306
0,255
0,358
0,254
0,500
0,253
0,453
0,252
0,317
0,251
0,316
0,250
0,313
0,249
0,481
0,248
0,455
0,247
0,314
0,246
0,311
0,245
0,309
0,244
0,454
0,242
0,452
0,241
0,451
0,240
0,456
0,239
0,493
0,238
0,323
0,237
0,373
0,236
0,507
0,235
0,381
0,234
0,233
0,506
0,232
0,489
0,231
0,504
0,230
0,511
0,229
0,361
0,228
0,501
0,227
0,473
0,226
0,503
0,225
0,322
0,224
0,359
0,223
0,357
0,222
0,383
0,221
0,450
0,220
0,349
0,219
0,379
0,218
0,355
0,217
0,354
0,216
0,364
0,215
0,510
0,214
0,352
0,213
0,494
0,212
0,382
0,211
0,465
0,210
0,491
0,209
0,340
0,208
0,338
0,207
0,334
0,206
0,499
0,205
0,330
0,204
0,471
0,203
0,347
0,202
0,321
0,201
0,342
0,200
0,341
0,199
0,475
0,198
0,372
0,197
0,345
0,196
0,492
0,195
0,484
0,194
0,498
0,193
0,371
0,192
0,483
0,63
0,497
0,62
0,329
0,61
0,448
0,60
0,59
0,496
0,58
0,490
0,57
0,485
0,56
0,348
0,55
0,333
0,54
0,53
0,508
0,52
0,351
0,51
0,326
0,50
0,365
0,49
0,328
0,48
0,350
0,47
0,486
0,46
0,45
0,301
0,6
0,5
0,1
0,11
0,4
0,2
0,3
0,7
